11
11
1 1 1 1 1 1 1 1 1 1 1
1 0 0 1 0 0 1 0 0 0 1
1 0 0 0 0 0 0 0 0 0 1
1 0 0 1 0 0 1 0 0 0 1
1 1 1 1 1 1 1 1 0 1 1
1 0 0 0 0 0 0 0 0 0 1
1 1 1 1 1 1 1 1 0 1 1
1 0 0 1 0 0 1 0 0 0 1
1 0 0 0 0 0 0 0 0 0 1
1 0 0 1 0 0 1 0 0 0 1
1 1 1 1 1 1 1 1 1 1 1
BEGIN OBJECTS
1 1 2 0 // Agent 0 at 1,2
1 5 5 1 // Agent 1 at 7,1
3 3 2 0 // Door 0 at 3,2
3 6 2 1 // Door 1 at 6,2
3 8 4 2 // Door 2 at 8,4
3 8 6 2 // Door 2 at 8,4
2 3 5 0
2 6 5 1
2 8 2 2
2 8 8 2
4 9 1 0
4 1 8 0
3 6 8 0 // Door 1 at 6,2
3 3 8 1 // Door 0 at 3,2
END OBJECTS